0 
0 
720
0 -0.646579
1 0.479168
2 -0.30811
3 0.134707
4 0.039722
5 -0.213848
6 0.386346
7 -0.555904
8 0.721232
9 -0.88107
10 1.034203
11 -1.179465
12 1.31575
13 -1.442022
14 1.557319
15 -1.660764
16 1.75157
17 -1.829045
18 1.8926
19 -1.941751
20 1.976125
21 -1.995458
22 1.999606
23 -1.988534
24 1.962329
25 -1.92119
26 1.865429
27 -1.795471
28 1.711848
29 -1.615197
30 1.506254
31 -1.385847
32 1.254893
33 -1.114388
34 0.965403
35 -0.80907
36 0.646579
37 -0.479168
38 0.30811
39 -0.134707
40 -0.039722
41 0.213848
42 -0.386346
43 0.555904
44 -0.721232
45 0.88107
46 -1.034203
47 1.179465
48 -1.31575
49 1.442022
50 -1.557319
51 1.660764
52 -1.75157
53 1.829045
54 -1.8926
55 1.941751
56 -1.976125
57 1.995458
58 -1.999606
59 1.988534
60 -1.962329
61 1.92119
62 -1.865429
63 1.795471
64 -1.711848
65 1.615197
66 -1.506254
67 1.385847
68 -1.254893
69 1.114388
70 -0.965403
71 0.80907
72 -0.646579
73 0.479168
74 -0.30811
75 0.134707
76 0.039722
77 -0.213848
78 0.386346
79 -0.555904
80 0.721232
81 -0.88107
82 1.034203
83 -1.179465
84 1.31575
85 -1.442022
86 1.557319
87 -1.660764
88 1.75157
89 -1.829045
90 1.8926
91 -1.941751
92 1.976125
93 -1.995458
94 1.999606
95 -1.988534
96 1.962329
97 -1.92119
98 1.865429
99 -1.795471
100 1.711848
101 -1.615197
102 1.506254
103 -1.385847
104 1.254893
105 -1.114388
106 0.965403
107 -0.80907
108 0.646579
109 -0.479168
110 0.30811
111 -0.134707
112 -0.039722
113 0.213848
114 -0.386346
115 0.555904
116 -0.721232
117 0.88107
118 -1.034203
119 1.179465
120 -1.31575
121 1.442022
122 -1.557319
123 1.660764
124 -1.75157
125 1.829045
126 -1.8926
127 1.941751
128 -1.976125
129 1.995458
130 -1.999606
131 1.988534
132 -1.962329
133 1.92119
134 -1.865429
135 1.795471
136 -1.711848
137 1.615197
138 -1.506254
139 1.385847
140 -1.254893
141 1.114388
142 -0.965403
143 0.80907
144 -0.646579
145 0.479168
146 -0.30811
147 0.134707
148 0.039722
149 -0.213848
150 0.386346
151 -0.555904
152 0.721232
153 -0.88107
154 1.034203
155 -1.179465
156 1.31575
157 -1.442022
158 1.557319
159 -1.660764
160 1.75157
161 -1.829045
162 1.8926
163 -1.941751
164 1.976125
165 -1.995458
166 1.999606
167 -1.988534
168 1.962329
169 -1.92119
170 1.865429
171 -1.795471
172 1.711848
173 -1.615197
174 1.506254
175 -1.385847
176 1.254893
177 -1.114388
178 0.965403
179 -0.80907
180 0.646579
181 -0.479168
182 0.30811
183 -0.134707
184 -0.039722
185 0.213848
186 -0.386346
187 0.555904
188 -0.721232
189 0.88107
190 -1.034203
191 1.179465
192 -1.31575
193 1.442022
194 -1.557319
195 1.660764
196 -1.75157
197 1.829045
198 -1.8926
199 1.941751
200 -1.976125
201 1.995458
202 -1.999606
203 1.988534
204 -1.962329
205 1.92119
206 -1.865429
207 1.795471
208 -1.711848
209 1.615197
210 -1.506254
211 1.385847
212 -1.254893
213 1.114388
214 -0.965403
215 0.80907
216 -0.646579
217 0.479168
218 -0.30811
219 0.134707
220 0.039722
221 -0.213848
222 0.386346
223 -0.555904
224 0.721232
225 -0.88107
226 1.034203
227 -1.179465
228 1.31575
229 -1.442022
230 1.557319
231 -1.660764
232 1.75157
233 -1.829045
234 1.8926
235 -1.941751
236 1.976125
237 -1.995458
238 1.999606
239 -1.988534
240 1.962329
241 -1.92119
242 1.865429
243 -1.795471
244 1.711848
245 -1.615197
246 1.506254
247 -1.385847
248 1.254893
249 -1.114388
250 0.965403
251 -0.80907
252 0.646579
253 -0.479168
254 0.30811
255 -0.134707
256 -0.039722
257 0.213848
258 -0.386346
259 0.555904
260 -0.721232
261 0.88107
262 -1.034203
263 1.179465
264 -1.31575
265 1.442022
266 -1.557319
267 1.660764
268 -1.75157
269 1.829045
270 -1.8926
271 1.941751
272 -1.976125
273 1.995458
274 -1.999606
275 1.988534
276 -1.962329
277 1.92119
278 -1.865429
279 1.795471
280 -1.711848
281 1.615197
282 -1.506254
283 1.385847
284 -1.254893
285 1.114388
286 -0.965403
287 0.80907
288 -0.646579
289 0.479168
290 -0.30811
291 0.134707
292 0.039722
293 -0.213848
294 0.386346
295 -0.555904
296 0.721232
297 -0.88107
298 1.034203
299 -1.179465
300 1.31575
301 -1.442022
302 1.557319
303 -1.660764
304 1.75157
305 -1.829045
306 1.8926
307 -1.941751
308 1.976125
309 -1.995458
310 1.999606
311 -1.988534
312 1.962329
313 -1.92119
314 1.865429
315 -1.795471
316 1.711848
317 -1.615197
318 1.506254
319 -1.385847
320 1.254893
321 -1.114388
322 0.965403
323 -0.80907
324 0.646579
325 -0.479168
326 0.30811
327 -0.134707
328 -0.039722
329 0.213848
330 -0.386346
331 0.555904
332 -0.721232
333 0.88107
334 -1.034203
335 1.179465
336 -1.31575
337 1.442022
338 -1.557319
339 1.660764
340 -1.75157
341 1.829045
342 -1.8926
343 1.941751
344 -1.976125
345 1.995458
346 -1.999606
347 1.988534
348 -1.962329
349 1.92119
350 -1.865429
351 1.795471
352 -1.711848
353 1.615197
354 -1.506254
355 1.385847
356 -1.254893
357 1.114388
358 -0.965403
359 0.80907
360 -0.646579
361 0.479168
362 -0.30811
363 0.134707
364 0.039722
365 -0.213848
366 0.386346
367 -0.555904
368 0.721232
369 -0.88107
370 1.034203
371 -1.179465
372 1.31575
373 -1.442022
374 1.557319
375 -1.660764
376 1.75157
377 -1.829045
378 1.8926
379 -1.941751
380 1.976125
381 -1.995458
382 1.999606
383 -1.988534
384 1.962329
385 -1.92119
386 1.865429
387 -1.795471
388 1.711848
389 -1.615197
390 1.506254
391 -1.385847
392 1.254893
393 -1.114388
394 0.965403
395 -0.80907
396 0.646579
397 -0.479168
398 0.30811
399 -0.134707
400 -0.039722
401 0.213848
402 -0.386346
403 0.555904
404 -0.721232
405 0.88107
406 -1.034203
407 1.179465
408 -1.31575
409 1.442022
410 -1.557319
411 1.660764
412 -1.75157
413 1.829045
414 -1.8926
415 1.941751
416 -1.976125
417 1.995458
418 -1.999606
419 1.988534
420 -1.962329
421 1.92119
422 -1.865429
423 1.795471
424 -1.711848
425 1.615197
426 -1.506254
427 1.385847
428 -1.254893
429 1.114388
430 -0.965403
431 0.80907
432 -0.646579
433 0.479168
434 -0.30811
435 0.134707
436 0.039722
437 -0.213848
438 0.386346
439 -0.555904
440 0.721232
441 -0.88107
442 1.034203
443 -1.179465
444 1.31575
445 -1.442022
446 1.557319
447 -1.660764
448 1.75157
449 -1.829045
450 1.8926
451 -1.941751
452 1.976125
453 -1.995458
454 1.999606
455 -1.988534
456 1.962329
457 -1.92119
458 1.865429
459 -1.795471
460 1.711848
461 -1.615197
462 1.506254
463 -1.385847
464 1.254893
465 -1.114388
466 0.965403
467 -0.80907
468 0.646579
469 -0.479168
470 0.30811
471 -0.134707
472 -0.039722
473 0.213848
474 -0.386346
475 0.555904
476 -0.721232
477 0.88107
478 -1.034203
479 1.179465
480 -1.31575
481 1.442022
482 -1.557319
483 1.660764
484 -1.75157
485 1.829045
486 -1.8926
487 1.941751
488 -1.976125
489 1.995458
490 -1.999606
491 1.988534
492 -1.962329
493 1.92119
494 -1.865429
495 1.795471
496 -1.711848
497 1.615197
498 -1.506254
499 1.385847
500 -1.254893
501 1.114388
502 -0.965403
503 0.80907
504 -0.646579
505 0.479168
506 -0.30811
507 0.134707
508 0.039722
509 -0.213848
510 0.386346
511 -0.555904
512 0.721232
513 -0.88107
514 1.034203
515 -1.179465
516 1.31575
517 -1.442022
518 1.557319
519 -1.660764
520 1.75157
521 -1.829045
522 1.8926
523 -1.941751
524 1.976125
525 -1.995458
526 1.999606
527 -1.988534
528 1.962329
529 -1.92119
530 1.865429
531 -1.795471
532 1.711848
533 -1.615197
534 1.506254
535 -1.385847
536 1.254893
537 -1.114388
538 0.965403
539 -0.80907
540 0.646579
541 -0.479168
542 0.30811
543 -0.134707
544 -0.039722
545 0.213848
546 -0.386346
547 0.555904
548 -0.721232
549 0.88107
550 -1.034203
551 1.179465
552 -1.31575
553 1.442022
554 -1.557319
555 1.660764
556 -1.75157
557 1.829045
558 -1.8926
559 1.941751
560 -1.976125
561 1.995458
562 -1.999606
563 1.988534
564 -1.962329
565 1.92119
566 -1.865429
567 1.795471
568 -1.711848
569 1.615197
570 -1.506254
571 1.385847
572 -1.254893
573 1.114388
574 -0.965403
575 0.80907
576 -0.646579
577 0.479168
578 -0.30811
579 0.134707
580 0.039722
581 -0.213848
582 0.386346
583 -0.555904
584 0.721232
585 -0.88107
586 1.034203
587 -1.179465
588 1.31575
589 -1.442022
590 1.557319
591 -1.660764
592 1.75157
593 -1.829045
594 1.8926
595 -1.941751
596 1.976125
597 -1.995458
598 1.999606
599 -1.988534
600 1.962329
601 -1.92119
602 1.865429
603 -1.795471
604 1.711848
605 -1.615197
606 1.506254
607 -1.385847
608 1.254893
609 -1.114388
610 0.965403
611 -0.80907
612 0.646579
613 -0.479168
614 0.30811
615 -0.134707
616 -0.039722
617 0.213848
618 -0.386346
619 0.555904
620 -0.721232
621 0.88107
622 -1.034203
623 1.179465
624 -1.31575
625 1.442022
626 -1.557319
627 1.660764
628 -1.75157
629 1.829045
630 -1.8926
631 1.941751
632 -1.976125
633 1.995458
634 -1.999606
635 1.988534
636 -1.962329
637 1.92119
638 -1.865429
639 1.795471
640 -1.711848
641 1.615197
642 -1.506254
643 1.385847
644 -1.254893
645 1.114388
646 -0.965403
647 0.80907
648 -0.646579
649 0.479168
650 -0.30811
651 0.134707
652 0.039722
653 -0.213848
654 0.386346
655 -0.555904
656 0.721232
657 -0.88107
658 1.034203
659 -1.179465
660 1.31575
661 -1.442022
662 1.557319
663 -1.660764
664 1.75157
665 -1.829045
666 1.8926
667 -1.941751
668 1.976125
669 -1.995458
670 1.999606
671 -1.988534
672 1.962329
673 -1.92119
674 1.865429
675 -1.795471
676 1.711848
677 -1.615197
678 1.506254
679 -1.385847
680 1.254893
681 -1.114388
682 0.965403
683 -0.80907
684 0.646579
685 -0.479168
686 0.30811
687 -0.134707
688 -0.039722
689 0.213848
690 -0.386346
691 0.555904
692 -0.721232
693 0.88107
694 -1.034203
695 1.179465
696 -1.31575
697 1.442022
698 -1.557319
699 1.660764
700 -1.75157
701 1.829045
702 -1.8926
703 1.941751
704 -1.976125
705 1.995458
706 -1.999606
707 1.988534
708 -1.962329
709 1.92119
710 -1.865429
711 1.795471
712 -1.711848
713 1.615197
714 -1.506254
715 1.385847
716 -1.254893
717 1.114388
718 -0.965403
719 0.80907
